  -9.0666666666666664        0.0000000000000000     
  -9.0410222607356339        2.0000000000000000E-002
  -8.9941333333333322        4.0000000000000001E-002
  -8.9334144246592615        5.9999999999999998E-002
  -8.8615114192184095        8.0000000000000002E-002
  -8.7799534921447329       0.10000000000000001     
  -8.6897724109396783       0.12000000000000001     
  -8.5917256223721612       0.14000000000000001     
  -8.4863999999999997       0.16000000000000000     
  -8.3742677065287996       0.17999999999999999     
  -8.2557193468267425       0.19999999999999998     
  -8.1310850697738868       0.21999999999999997     
  -8.0006487306074288       0.23999999999999996     
  -7.8646577999957277       0.25999999999999995     
  -7.7233305343288050       0.27999999999999997     
  -7.5768613102526157       0.29999999999999999     
  -7.4254246870806107       0.32000000000000001     
  -7.2691785625490217       0.34000000000000002     
  -7.1082666666666672       0.36000000000000004     
  -6.9428205621770882       0.38000000000000006     
  -6.7729612704912014       0.40000000000000008     
  -6.5988006087129527       0.42000000000000010     
  -6.4204423006017706       0.44000000000000011     
  -6.2379829083712197       0.46000000000000013     
  -6.0515126208507635       0.48000000000000015     
  -5.8611159252876490       0.50000000000000011     
  -5.6668721839891543       0.52000000000000013     
  -5.4688561324667324       0.54000000000000015     
  -5.2671383123106192       0.56000000000000016     
  -5.0617854493963641       0.58000000000000018     
  -4.8528607859929949       0.60000000000000020     
  -4.6404243737554909       0.62000000000000022     
  -4.4245333333333310       0.64000000000000024     
  -4.2052420853325057       0.66000000000000025     
  -3.9826025565717131       0.68000000000000027     
  -3.7566643649303972       0.70000000000000029     
  -3.5274749855637242       0.72000000000000031     
  -3.2950799008321967       0.74000000000000032     
  -3.0595227359418087       0.76000000000000034     
  -2.8208453819996087       0.78000000000000036     
  -2.5790881079472716       0.80000000000000038     
  -2.3342896626327643       0.82000000000000040     
  -2.0864873681099256       0.84000000000000041     
  -1.8357172051121444       0.86000000000000043     
  -1.5820138915244206       0.88000000000000045     
  -1.3254109545744679       0.90000000000000047     
  -1.0659407973748276       0.92000000000000048     
 -0.80363476037194637       0.94000000000000050     
 -0.53852317819274653       0.96000000000000052     
 -0.27063543232264120       0.98000000000000054     
   6.0396132539608514E-015   1.0000000000000004     
  0.27335550033058964        1.0200000000000005     
  0.54940426670085341        1.0400000000000005     
  0.82812027416458078        1.0600000000000005     
   1.1094782379620078        1.0800000000000005     
   1.3934535790836529        1.1000000000000005     
   1.6800223920362327        1.1200000000000006     
   1.9691614146329051        1.1400000000000006     
   2.2608479996472006        1.1600000000000006     
   2.5550600881854129        1.1800000000000006     
   2.8517761846457561        1.2000000000000006     
   3.1509753331447445        1.2200000000000006     
   3.4526370953020744        1.2400000000000007     
   3.7567415292849966        1.2600000000000007     
   4.0632691700217904        1.2800000000000007     
   4.3722010105018514        1.3000000000000007     
   4.6835184840867710        1.3200000000000007     
   4.9972034477632823        1.3400000000000007     
   5.3132381662745036        1.3600000000000008     
   5.6316052970711246        1.3800000000000008     
   5.9522878760289046        1.4000000000000008     
   6.2752693038829701        1.4200000000000008     
   6.6005333333333471        1.4400000000000008     
   6.9280640567796024        1.4600000000000009     
   7.2578458946456887        1.4800000000000009     
   7.5898635842589588        1.5000000000000009     
   7.9241021692499727        1.5200000000000009     
   8.2605469894421812        1.5400000000000009     
   8.5991836712027379        1.5600000000000009     
   8.9399981182277362        1.5800000000000010     
   9.2829765027370641        1.6000000000000010     
   9.6281052570557666        1.6200000000000010     
   9.9753710655603189        1.6400000000000010     
   10.324760856969780        1.6600000000000010     
   10.676261796963058        1.6800000000000010     
   11.029861281104717        1.7000000000000011     
   11.385546928063006        1.7200000000000011     
   11.743306573104709        1.7400000000000011     
   12.103128261852515        1.7600000000000011     
   12.465000244291373        1.7800000000000011     
   12.828910969011295        1.8000000000000012     
   13.194849077674654        1.8200000000000012     
   13.562803399696914        1.8400000000000012     
   13.932762947130302        1.8600000000000012     
   14.304716909740543        1.8800000000000012     
   14.678654650267447        1.9000000000000012     
   15.054565699860570        1.9200000000000013     
   15.432439753681747        1.9400000000000013     
   15.812266666666693        1.9600000000000013     
   16.194036449438421        1.9800000000000013     
   16.577739264365484        2.0000000000000013     
   16.963365421758539        2.0200000000000014     
   17.350905376199069        2.0400000000000014     
   17.740349722994399        2.0600000000000014     
   18.131689194753449        2.0800000000000014     
   18.524914658078053        2.1000000000000014     
   18.920017110364814        2.1200000000000014     
   19.316987676712834        2.1400000000000015     
   19.715817606932816        2.1600000000000015     
   20.116498272653352        2.1800000000000015     
   20.519021164520328        2.2000000000000015     
   20.923377889485657        2.2200000000000015     
   21.329560168181722        2.2400000000000015     
   21.737559832378015        2.2600000000000016     
   22.147368822516754        2.2800000000000016     
   22.558979185324365        2.3000000000000016     
   22.972383071495770        2.3200000000000016     
   23.387572733448724        2.3400000000000016     
   23.804540523145484        2.3600000000000017     
   24.223278889979213        2.3800000000000017     
   24.643780378722724        2.4000000000000017     
   25.066037627537124        2.4200000000000017     
   25.490043366038226        2.4400000000000017     
   25.915790413418527        2.4600000000000017     
   26.343271676622752        2.4800000000000018     
   26.772480148575003        2.5000000000000018     
   27.203408906455635        2.5200000000000018     
   27.636051110026088        2.5400000000000018     
   28.070400000000042        2.5600000000000018     
   28.506448896459087        2.5800000000000018     
   28.944191197311607        2.6000000000000019     
   29.383620376793072        2.6200000000000019     
   29.824729984006645        2.6400000000000019     
   30.267513641502443        2.6600000000000019     
   30.711965043894320        2.6800000000000019     
   31.158077956512777        2.7000000000000020     
   31.605846214092978        2.7200000000000020     
   32.055263719496480        2.7400000000000020     
   32.506324442465761        2.7600000000000020     
   32.959022418410321        2.7800000000000020     
   33.413351747223501        2.8000000000000020     
   33.869306592128851        2.8200000000000021     
   34.326881178555197        2.8400000000000021     
   34.786069793039566        2.8600000000000021     
   35.246866782156893        2.8800000000000021     
   35.709266551475864        2.9000000000000021     
   36.173263564540022        2.9200000000000021     
   36.638852341873260        2.9400000000000022     
   37.106027460009116        2.9600000000000022     
   37.574783550543017        2.9800000000000022     
   38.045115299206842        3.0000000000000022     
   38.517017444965134        3.0200000000000022     
   38.990484779132210        3.0400000000000023     
   39.465512144509788        3.0600000000000023     
   39.942094434544217        3.0800000000000023     
   40.420226592502978        3.1000000000000023     
   40.899903610669810        3.1200000000000023     
   41.381120529557919        3.1400000000000023     
   41.863872437140685        3.1600000000000024     
   42.348154468099573        3.1800000000000024     
   42.833961803088506        3.2000000000000024     
   43.321289668014408        3.2200000000000024     
   43.810133333333397        3.2400000000000024     
   44.300488113362235        3.2600000000000025     
   44.792349365604579        3.2800000000000025     
   45.285712490091562        3.3000000000000025     
   45.780572928736511        3.3200000000000025     
   46.276926164703170        3.3400000000000025     
   46.774767721787278        3.3600000000000025     
   47.274093163810967        3.3800000000000026     
   47.774898094029815        3.4000000000000026     
   48.277178154552004        3.4200000000000026     
   48.780929025769531        3.4400000000000026     
   49.286146425800887        3.4600000000000026     
   49.792826109945061        3.4800000000000026     
   50.300963870146603        3.5000000000000027     
   50.810555534471327        3.5200000000000027     
   51.321596966592473        3.5400000000000027     
   51.834084065287072        3.5600000000000027     
   52.348012763942208        3.5800000000000027     
   52.863379030070945        3.6000000000000028     
   53.380178864837681        3.6200000000000028     
   53.898408302592706        3.6400000000000028     
   54.418063410415719        3.6600000000000028     
   54.939140287668067        3.6800000000000028     
   55.461635065553544        3.7000000000000028     
   55.985543906687489        3.7200000000000029     
   56.510863004674000        3.7400000000000029     
   57.037588583691118        3.7600000000000029     
   57.565716898083664        3.7800000000000029     
   58.095244231963711        3.8000000000000029     
   58.626166898818347        3.8200000000000029     
   59.158481241124719        3.8400000000000030     
   59.692183629971993        3.8600000000000030     
   60.227270464690321        3.8800000000000030     
   60.763738172486391        3.9000000000000030     
   61.301583208085560        3.9200000000000030     
   61.840802053380422        3.9400000000000031     
   62.381391217085579        3.9600000000000031     
   62.923347234398584        3.9800000000000031     
